t1=[1/3*150,1/3,1/3,-1,0];
t2=[1/3,1/3,1/3,-1,0];
t3=[1/2,1/2,-1,0,0];
t4=[1/3,1/3,1/3,-1,0];
t5=[1/4,1/4,1/4,1/4,-1];
t6=[1/3,1/3,1/3,-1,0];
t7=[1/2,1/2,-1,0,0];
t8=[1/3,1/3,1/3,-1,0];
t9=[1/3*20,1/3,1/3,-1,0];
T=[t1;t2;t3;t4;t5;t6;t7;t8;t9];
H = [0;0;0;0;0;0;0;0;0];
L = T\H
